164 unm: σι’ REFERENCES.

Pm.une. Nur, old. Νι. Line. Ner. ond.
11 30 460,1, ιι. 2 460, 2,1) 17 22 547 570
35 414, lv. 419 29 523, 1., ιι. 530, 1
37 497 500 36 399, 1., 3 399, 2, 2),(3)
12 14 421, Ι. 419 414, 111. 419, 111.
22 529. 1. 525 18 24 516, 11., 2 520, 3 “
28 364 363, 4 36 414 425
33 409 410 19 17 409, 111.,n.2 410, 2
13 6 497, 11. 489 26 546 569
497, 11., 2 497 20 19 554, 1., 2 587, 1., 2
7 399, 1., 3, 21 9 504, 1, ιι. 498. 3
ιι. 1 399, 6 29 529, 1. 525
13 425, 11., l 422, 1 36 523, 1., ιι. 530, 1
14 414, 11. 425, 3, 3) 37 414, 1. 425, 2, 2)
16 185, ιι. 2 185, 2 22 2 391, 11., 4 399, 3, 3)
21 493, 1 481, 11., 1 15 393,ιι. 393, 1
26 542, 111. 565 26 431, 2, (2) 431, 2, (3)
28 461, 1, ιι.2 461,1, 3) 23 1 529, 11., 2) 527, 2
36 425, 11., 1 422, 1 24 499, 2 493, 2
14 12 374, 2, ιι. 2 374, 3,2) ⁴24) 25 297, 2 297, Ῑ.
16 485, ιι. 1 486, 4 28 523 530
23 525, 2 532, 4 524 531
28 498, 11. 492, 1 526 533
15 4 425, 11. 421, 2 24 15 542, Ι., ιι. 2 563, 5
12 524, 2, 2) 531, 4 32 430 427
15 525, 2 532, 4 25 3 410, V., 3 409, 3
19 546 569 28 549. ιι. 2 580
34 419, 11. 428 28 13 353, 2, ιι. 4 346, 11.. 2, 4)
37 498, 1. 492, 3 29 13 409, 11. 410, Π.
499, 2 493, 2 30 10 410, V.. 1 409, 1
397, 3 396, ΙΙῙ.,2,3) 31 2 553. 1 585, 1
18 7 425, 11. 421, 11. 11 404, ιι. 1 402, 2, 2)
9 644, ΙΙ. 710, 11. 32 7 513, 11. 503, 11.
642, ῙΙῙ., 3 708, [11., 3 34 415, 111.,ιι.1 434, 2
642, ῙΙῙ., 4 708, ῙΙῙ., 4 34 20 504, 1, ιι. 498, 3
429 426 32 503, 1. 501, Ι.
642, ῙΙῙ., 2 708, ῙΙῙ., 2 33 497, 1. 500, 1
11 425, 1. ὥ 11. 421 35 l 423 418
13 380, 11. 379 36 14 419, 1. 414, 7
380, 1. 379, 4 21 388, 1, ιι. 388, 1, 2)
18 501, 1., 1 495, 2 37 15 414, IV. 419
17 3 513, 11. 506 422, ιι. 2 416, 2
6 549, 5 579 25 499, 2 493, 2
9 415, 11. 425, 3, 1) 38 12 417, ιι. 2 417, 3
11 523, 111. 529; 530,ΙῙ. 18 554, Ι.,6 587. 1. 6
ἓέἓέἳῑῑῗ 353 39 ff? 323·ss- ¹ &³¹³
ιο 38011'1„ 2 379, 3
DIOTIONARY.
Nev- old. Nev- Old.
a 434 434, 3 brevis 429, 1, f. ιι. 426, 2, 2),(3)
adeptus 231,2 225. 2 cum 184,6 434, 5
adipiscor 231, 2 225, 2 (lpus 51,6 51, 5
ιᾶιιὶεεοοιι· d} 308 307
tulus 321, 1 315, 1 ᾶιοίο 134 133, 2
amb 308 307 dues 123 121
“m 8532& nui 346, 11., 2 dis 308 307

*ue 554 1., 3 587, 1., 3 filius 51, 5 52, 2

